"","V1"
"AAACCTGAGAGACTAT",1
"AAACCTGGTCTAACGT",2
"AAACCTGTCCGCGCAA",3
"AAACCTGTCCTTTCTC",4
"AAACCTGTCTGCCCTA",5
"AAACGGGAGACTGGGT",6
"AAACGGGTCCGATATG",6
"AAAGATGAGCAATATG",6
"AAAGATGCAAGGGTCA",2
"AAAGATGCACGCTTTC",7
"AAAGCAAAGATCGATA",2
"AAAGCAACACTGTGTA",3
"AAAGCAAGTATAATGG",3
"AAAGCAATCTGTCAAG",34
"AAAGTAGAGGCGCTCT",14
"AAAGTAGCAACGATCT",5
"AAAGTAGCAAGTACCT",6
"AAAGTAGTCATTCACT",6
"AAAGTAGTCCAAACTG",8
"AACACGTCAAATACAG",16
"AACCATGAGCGTCAAG",15
"AACCATGCACCTTGTC",9
"AACCATGTCTACCAGA",6
"AACCGCGAGCAAATCA",8
"AACCGCGGTGAGTGAC",2
"AACCGCGGTTAAAGAC",10
"AACCGCGTCGGTGTCG",2
"AACCGCGTCTCGGACG",7
"AACGTTGCAGCGTCCA",4
"AACTCAGGTATCAGTC",11
"AACTCAGGTCAACTGT",12
"AACTCAGTCTCCAGGG",7
"AACTCCCCAATGTAAG",7
"AACTCCCGTTCCGGCA",7
"AACTCCCTCAGCAACT",9
"AACTCCCTCGCCAAAT",27
"AACTCTTGTGACTCAT",4
"AACTCTTTCTGATACG",11
"AACTGGTAGTCGATAA",6
"AACTGGTGTGCCTGGT",6
"AACTGGTTCTGCGACG",13
"AACTTTCAGGCATGGT",8
"AACTTTCCACCACCAG",8
"AACTTTCGTACTTCTT",17
"AACTTTCGTGGCTCCA",21
"AACTTTCTCAACGCTA",13
"AAGACCTAGAGGTTAT",7
"AAGACCTAGCAGGTCA",9
"AAGACCTGTCACTTCC",8
"AAGACCTGTTTGTTTC",9
"AAGCCGCAGCGGATCA",3
"AAGGAGCAGAAGGTTT",3
"AAGGCAGCATGGGAAC",7
"AAGGCAGGTCTCTTAT",16
"AAGGTTCTCTCGTATT",17
"AAGGTTCTCTGACCTC",8
"AAGTCTGAGACAGACC",12
"AAGTCTGAGTCACGCC",7
"AAGTCTGCAAGCCTAT",7
"AAGTCTGCACCAGGCT",21
"AAGTCTGTCCTGCAGG",8
"AAGTCTGTCTCCAGGG",1
"AATCCAGCAACGATGG",7
"AATCCAGCATCCGGGT",11
"AATCCAGGTCTAAACC",9
"AATCCAGTCACGCATA",9
"AATCGGTCACATGACT",5
"AATCGGTCAGATCGGA",6
"AATCGGTGTCATGCAT",3
"AATCGGTGTGTAATGA",14
"AATCGGTTCCAGAAGG",15
"AATCGGTTCGTCTGAA",14
"ACACCCTGTAGCAAAT",9
"ACACCCTTCACAATGC",8
"ACACCCTTCATGTGGT",8
"ACACCCTTCCTGTACC",21
"ACACCGGGTACGACCC",11
"ACACCGGGTGTGACCC",8
"ACACCGGTCAGGCCCA",11
"ACACCGGTCGTTTAGG",7
"ACACCGGTCTTGGGTA",8
"ACACTGAAGGCAAAGA",57
"ACACTGACAACACCCG",21
"ACACTGATCAGGTTCA",39
"ACACTGATCATGTAGC",12
"ACACTGATCGCAAACT",21
"ACACTGATCTTTCCTC",7
"ACAGCCGGTCCGAGTC",11
"ACAGCTACAGGACGTA",7
"ACAGCTATCAAACGGG",5
"ACATACGTCAGCCTAA",5
"ACATCAGCACCCATGG",6
"ACATCAGCACGGATAG",3
"ACATCAGCAGTCCTTC",11
"ACATCAGTCGTCACGG",4
"ACATGGTGTGGTCTCG",1
"ACCAGTAAGCCCTAAT",6
"ACCAGTAAGGATGCGT",41
"ACCAGTACAACTGCTA",7
"ACCAGTATCAGGTTCA",9
"ACCAGTATCGTTACAG",7
"ACCCACTCAATGACCT",8
"ACCGTAAAGGATGTAT",2
"ACCGTAAGTCAGTGGA",3
"ACCGTAAGTCCGTCAG",6
"ACCGTAATCGAATGGG",6
"ACCTTTAAGAACAACT",22
"ACCTTTACAGTAAGAT",12
"ACCTTTAGTGCACGAA",12
"ACCTTTATCGTGGTCG",2
"ACGAGCCAGGCGCTCT",3
"ACGAGCCGTCGCTTTC",5
"ACGAGCCTCCACGTTC",23
"ACGAGGAAGACGCTTT",21
"ACGAGGAGTCTCATCC",7
"ACGATACAGCACACAG",8
"ACGATACAGCCTTGAT",4
"ACGATACAGTTAGCGG",6
"ACGATGTCAGCAGTTT",1
"ACGATGTTCCAATGGT",21
"ACGATGTTCTTTACGT",17
"ACGCAGCAGACAGAGA",7
"ACGCAGCCAGCTGTGC",5
"ACGCAGCTCATGGTCA",7
"ACGCCAGAGCGTCTAT",1
"ACGCCAGCACCAGCAC",4
"ACGCCAGGTTGGACCC",3
"ACGCCAGTCGTGACAT",6
"ACGCCGAAGCGATATA",7
"ACGCCGAGTCACAAGG",3
"ACGCCGATCCATGAAC",11
"ACGCCGATCTGCGACG",3
"ACGGAGACATGACGGA",7
"ACGGAGATCAGGTAAA",6
"ACGGAGATCATGCTCC",13
"ACGGAGATCCCTGACT",9
"ACGGCCACAGACGCAA",7
"ACGGCCACATCCTTGC",9
"ACGGGCTAGAATTGTG",4
"ACGGGCTCAACGCACC",8
"ACGGGCTTCACTCCTG",23
"ACGGGCTTCACTGGGC",9
"ACGGGTCAGGTGATAT",13
"ACGGGTCAGTCTCAAC",11
"ACGGGTCCAAGTTGTC",2
"ACGGGTCTCAGTTAGC",6
"ACGGGTCTCTTTACGT",7
"ACGTCAACAAGGGTCA",7
"ACGTCAAGTCACCCAG",23
"ACGTCAAGTTTAAGCC",7
"ACGTCAATCGTACCGG",1
"ACTATCTAGGACACCA",6
"ACTATCTAGGGTATCG",25
"ACTATCTCACAAGCCC",10
"ACTATCTCAGATGGGT",3
"ACTATCTGTACCAGTT",10
"ACTATCTGTCATTAGC",11
"ACTATCTGTGCAACGA",12
"ACTATCTTCTTTAGTC",7
"ACTGAACAGAACTCGG",11
"ACTGAACAGCGTAGTG",5
"ACTGAACAGGTGCACA",8
"ACTGAACCACATGACT",10
"ACTGAACCACGTTGGC",7
"ACTGAACCATGAGCGA",7
"ACTGAACCATGGGACA",6
"ACTGAACGTACAGTGG",12
"ACTGAACTCTACTCAT",17
"ACTGAGTAGATAGGAG",6
"ACTGAGTCACCAGTTA",2
"ACTGAGTGTTCGCGAC",2
"ACTGATGAGAAACCTA",35
"ACTGATGAGAGTCGGT",2
"ACTGATGGTCCGAACC",27
"ACTGATGTCTAACTTC",16
"ACTGCTCAGCACCGTC",7
"ACTGCTCGTTCGCTAA",7
"ACTGCTCTCACCTCGT",16
"ACTGCTCTCTGCAAGT",6
"ACTGTCCAGTGCAAGC",15
"ACTGTCCCAGCATACT",11
"ACTTACTAGCGATTCT",16
"ACTTACTCAAGAAAGG",8
"ACTTACTGTACTTGAC",7
"ACTTACTTCATCGCTC",7
"ACTTACTTCTTGCATT",16
"ACTTTCAAGCGTAATA",6
"ACTTTCACAATCAGAA",6
"ACTTTCATCACTGGGC",9
"AGAATAGAGCTAAACA",5
"AGAATAGAGCTAACAA",7
"AGAATAGCAATCGGTT",7
"AGAATAGCACACCGCA",20
"AGAATAGCATGTAAGA",2
"AGAATAGGTGTAATGA",7
"AGAATAGGTTGTCGCG",3
"AGACGTTAGTCCATAC",13
"AGACGTTAGTGGAGTC",28
"AGACGTTCAACTGCTA",2
"AGACGTTCAAGGACTG",2
"AGACGTTCATTTGCCC",20
"AGACGTTGTCATATCG",9
"AGACGTTTCTTGCAAG",4
"AGAGCGAGTATCGCAT",6
"AGAGCGATCACCCGAG",4
"AGAGCGATCCTCATTA",8
"AGAGCGATCGGTCTAA",6
"AGAGCGATCTAGCACA",11
"AGAGCGATCTTACCGC",3
"AGAGCTTGTGGTCCGT",4
"AGAGTGGAGTCAAGGC",5
"AGAGTGGGTACTTGAC",7
"AGAGTGGTCCTGCCAT",24
"AGAGTGGTCGATCCCT",6
"AGAGTGGTCTTGAGAC",5
"AGATCTGAGAGGGATA",2
"AGATCTGAGCTATGCT",2
"AGATCTGTCAACACTG",16
"AGATCTGTCGGTCTAA",20
"AGATTGCAGGTTACCT",17
"AGATTGCGTGGGTCAA",5
"AGATTGCTCCTTGACC",15
"AGCATACCACTCTGTC",9
"AGCATACGTCGACTGC",7
"AGCCTAAAGCTCCTCT",6
"AGCCTAAAGTGGAGAA",2
"AGCCTAAGTCACTGGC",5
"AGCGGTCAGACAAGCC",3
"AGCGGTCAGACAGAGA",3
"AGCGGTCAGAGCTGCA",3
"AGCGGTCAGATGTAAC",6
"AGCGGTCGTCCAGTGC",3
"AGCGGTCTCCGTACAA",3
"AGCGGTCTCTCACATT",3
"AGCGTATTCAAAGACA",3
"AGCGTCGGTCATACTG",6
"AGCGTCGGTGATGTGG",13
"AGCTCCTAGAAGGACA",2
"AGCTCCTAGCGCCTTG",8
"AGCTCCTCAAGCCGTC",11
"AGCTCCTCAGTATGCT",8
"AGCTCCTCATCGGAAG",2
"AGCTCCTGTCAGGACA",5
"AGCTCCTGTGCTCTTC",7
"AGCTCCTTCTTGAGGT",10
"AGCTCTCCAAGCCATT",1
"AGCTCTCCAGTAACGG",21
"AGCTCTCTCCGAGCCA",7
"AGCTTGACAGTAAGCG",8
"AGCTTGAGTATATCCG",9
"AGCTTGATCTCCTATA",11
"AGGCCACCACCAGTTA",12
"AGGCCACGTATGGTTC",8
"AGGCCACGTCTCCACT",8
"AGGCCACTCTTAACCT",9
"AGGCCGTCAGCGAACA",31
"AGGCCGTTCTTTACGT",7
"AGGGAGTAGCATGGCA",20
"AGGGAGTCAGCCTATA",2
"AGGGAGTTCATCACCC",58
"AGGGATGCAAGTTAAG",21
"AGGGATGTCGGTCCGA",10
"AGGGATGTCTAGAGTC",10
"AGGGTGACAAGACACG",11
"AGGGTGACACAACGCC",7
"AGGGTGAGTCCCGACA",7
"AGGGTGAGTTCTGAAC",1
"AGGGTGATCATCGGAT",2
"AGGGTGATCGCTGATA",4
"AGGGTGATCTGCGGCA",5
"AGGTCATAGTCATGCT",13
"AGGTCATCAATAAGCA",7
"AGGTCATGTATGCTTG",1
"AGGTCATTCCCTTGTG",6
"AGGTCATTCCGAGCCA",6
"AGGTCCGAGAGGTTGC",7
"AGGTCCGAGCTGCAAG",1
"AGGTCCGCAACACCCG",27
"AGGTCCGGTTCCCGAG",20
"AGGTCCGTCACAATGC",7
"AGGTCCGTCGGCGCTA",6
"AGGTCCGTCTGTCCGT",10
"AGTAGTCCAATTCCTT",11
"AGTAGTCCACACATGT",4
"AGTAGTCGTAGCGCTC",9
"AGTCTTTAGACACGAC",7
"AGTCTTTGTCGGCATC",5
"AGTCTTTGTGCCTTGG",2
"AGTCTTTGTGTCCTCT",4
"AGTCTTTTCCCTTGTG",3
"AGTCTTTTCGCAGGCT",27
"AGTGAGGAGCACGCCT",3
"AGTGAGGCAAACTGTC",1
"AGTGAGGCAACACGCC",7
"AGTGAGGCACCCATGG",21
"AGTGAGGTCCTGCTTG",5
"AGTGGGAAGATATACG",7
"AGTGGGAAGTTACGGG",2
"AGTGGGACAATAAGCA",1
"AGTGGGACACGCATCG",4
"AGTGGGAGTCTGATTG",8
"AGTTGGTTCGTTGACA",15
"ATAACGCAGCATGGCA",3
"ATAACGCCAAGGCTCC",14
"ATAACGCCATAGTAAG",7
"ATAACGCTCATGGTCA",9
"ATAACGCTCGATAGAA",3
"ATAGACCGTAACGACG",1
"ATAGACCGTACCATCA",16
"ATAGACCGTGCCTTGG",3
"ATAGACCGTTCCTCCA",7
"ATAGACCTCGTAGGAG",7
"ATAGACCTCTCAACTT",5
"ATCACGAAGGCCATAG",3
"ATCACGACACCAACCG",7
"ATCACGACAGGGTTAG",14
"ATCATCTCAGTATAAG",6
"ATCATCTCATCGTCGG",15
"ATCATCTGTAGCGTAG",6
"ATCATCTGTCGCGGTT",6
"ATCATCTGTGTTCTTT",21
"ATCATCTTCACTCTTA",52
"ATCATCTTCCCAACGG",10
"ATCATCTTCCTAGGGC",7
"ATCATGGAGACCGGAT",7
"ATCATGGAGGGCTTGA",3
"ATCATGGCACCAGCAC",10
"ATCATGGCAGCTCGAC",7
"ATCATGGGTTACGACT",5
"ATCCACCCAGACAAAT",9
"ATCCACCGTAATCGTC",8
"ATCCACCGTGAAGGCT",6
"ATCCACCTCGGCATCG",8
"ATCCGAAAGCTAAGAT",2
"ATCGAGTCAATTGCTG",9
"ATCTACTAGAACAATC",4
"ATCTACTCAGCTGTTA",5
"ATCTACTGTCAAAGCG",6
"ATCTGCCAGACATAAC",8
"ATCTGCCAGCTATGCT",8
"ATCTGCCCATACCATG",7
"ATCTGCCGTAGCTGCC",3
"ATCTGCCGTGCCTGTG",1
"ATCTGCCTCCGAAGAG",22
"ATGAGGGGTCCGAAGA",1
"ATGAGGGGTCTCGTTC",8
"ATGCGATAGAGTAAGG",21
"ATGCGATGTCAACATC",7
"ATGCGATGTGCCTGCA",5
"ATGCGATGTTAAAGAC",3
"ATGCGATTCACCTTAT",8
"ATGCGATTCTGGGCCA",7
"ATGGGAGAGTGCGATG",6
"ATGGGAGAGTTTGCGT",1
"ATGGGAGGTCTTCAAG",8
"ATGGGAGGTGCACCAC",1
"ATGTGTGGTCCTGCTT",7
"ATGTGTGTCCAGAAGG",5
"ATTACTCAGTCTCAAC",14
"ATTACTCTCATTGCGA",16
"ATTATCCAGGATATAC",11
"ATTATCCCACGGTAGA",7
"ATTATCCGTCCAGTTA",7
"ATTATCCGTTCCAACA",7
"ATTATCCTCTGACCTC",8
"ATTCTACAGCGACGTA",3
"ATTCTACAGCGCTTAT",6
"ATTCTACAGCTAGTTC",6
"ATTCTACAGTGGGATC",6
"ATTCTACCACTTGGAT",6
"ATTCTACCATGGAATA",2
"ATTCTACCATGTTGAC",9
"ATTCTACTCAAGGCTT",7
"ATTCTACTCAGCACAT",5
"ATTCTACTCGACAGCC",29
"ATTGGACAGCAATCTC",6
"ATTGGACAGTCTCAAC",18
"ATTGGACGTGTGAAAT",7
"ATTGGTGAGTACATGA",4
"ATTGGTGGTAAAGGAG",20
"ATTGGTGGTTGTCTTT",4
"ATTTCTGAGACGCTTT",7
"ATTTCTGAGCTTCGCG",7
"ATTTCTGCAAGTACCT",9
"ATTTCTGCAATCTGCA",10
"ATTTCTGCAGGTTTCA",11
"ATTTCTGGTTCGGGCT",12
"ATTTCTGTCAACACGT",10
"ATTTCTGTCGAGGTAG",21
"CAACCAAAGACTGTAA",10
"CAACCAAAGTCTCAAC",9
"CAACCAACAATAGAGT",13
"CAACCAAGTACAGTGG",11
"CAACCAAGTGTGCGTC",6
"CAACCAAGTTATGTGC",8
"CAACCAATCTCTAAGG",7
"CAACCTCAGAGTACCG",17
"CAACCTCCATACTCTT",11
"CAACCTCCATTGGCGC",9
"CAACCTCTCCGTAGTA",9
"CAACCTCTCGAGCCCA",42
"CAACTAGAGCTAACAA",7
"CAACTAGAGGCCGAAT",12
"CAACTAGCAATACGCT",8
"CAACTAGCAGATTGCT",2
"CAACTAGCAGGCGATA",6
"CAAGAAAGTCTGCGGT",20
"CAAGAAAGTGAGGCTA",15
"CAAGAAATCTGTCAAG",6
"CAAGATCCACACTGCG",16
"CAAGATCCAGCCAATT",5
"CAAGATCGTAAACCTC",10
"CAAGGCCAGGACTGGT",8
"CAAGGCCGTCCGACGT",7
"CAAGGCCTCCCTCTTT",9
"CAAGTTGAGAAGCCCA",19
"CAAGTTGAGGAGTTTA",6
"CAAGTTGCACTAGTAC",21
"CAAGTTGCAGGTCTCG",12
"CAAGTTGCATTTCAGG",8
"CAAGTTGGTGCAACTT",6
"CAAGTTGGTTTAGGAA",3
"CAAGTTGTCTCGATGA",15
"CACAAACAGCTGTTCA",8
"CACAAACAGGACAGAA",5
"CACAAACAGGACCACA",34
"CACAAACGTATATGGA",2
"CACACAAAGATCGATA",56
"CACACAATCACTCCTG",9
"CACACCTAGACAGGCT",9
"CACACCTCATAAGACA",11
"CACACCTGTACGCACC",27
"CACACCTTCCGTAGGC",4
"CACACTCAGGGAGTAA",1
"CACACTCAGTCGCCGT",5
"CACAGGCCATTACGAC",8
"CACAGGCTCAGCACAT",12
"CACAGTACAGGTCTCG",9
"CACAGTACATCGGAAG",7
"CACAGTATCTATCCCG",7
"CACATAGCAGGTGCCT",10
"CACATAGTCCGTCATC",7
"CACATAGTCCGTTGTC",15
"CACATAGTCCTCATTA",13
"CACATTTAGGTGTTAA",5
"CACATTTCACATCCAA",8
"CACATTTGTTAAGTAG",9
"CACATTTTCAGGCCCA",7
"CACATTTTCGTTTGCC",17
"CACCACTCATTCCTGC",24
"CACCACTGTCGTCTTC",14
"CACCACTTCTAACTGG",10
"CACCAGGAGTGAATTG",8
"CACCAGGCACCAGGTC",7
"CACCAGGCATTCCTGC",8
"CACCAGGGTTGGAGGT",1
"CACCAGGTCTGGTTCC",9
"CACCTTGCATCACCCT",13
"CACCTTGGTGCCTGCA",5
"CACCTTGTCACCTCGT",2
"CACCTTGTCATAGCAC",23
"CACTCCACATACTACG",9
"CACTCCACATCTCCCA",10
"CACTCCAGTAAAGTCA",11
"CACTCCAGTTGATTGC",18
"CACTCCAGTTTGACAC",7
"CACTCCATCAGGATCT",12
"CAGAATCGTCTCTTTA",13
"CAGAGAGAGAGTACAT",27
"CAGAGAGAGGCTAGGT",1
"CAGAGAGCACGTCTCT",53
"CAGAGAGTCTTAGCCC",21
"CAGATCAAGTCACGCC",4
"CAGATCACAAAGTCAA",2
"CAGATCACATGCATGT",11
"CAGATCATCCGTTGTC",8
"CAGCAGCAGGCACATG",3
"CAGCAGCCACAGATTC",7
"CAGCATAAGATCGGGT",2
"CAGCATACAGCGATCC",1
"CAGCATAGTAGGGTAC",11
"CAGCATAGTCTCTTAT",6
"CAGCCGACATTACGAC",11
"CAGCCGAGTGATGCCC",11
"CAGCCGAGTGGTAACG",5
"CAGCCGATCAACACGT",21
"CAGCGACAGCGTCTAT",7
"CAGCGACAGGCTCATT",21
"CAGCGACAGTCCGTAT",6
"CAGCGACCACCAGGCT",27
"CAGCGACGTGCCTTGG",5
"CAGCTAAAGAATGTTG",5
"CAGCTAACATACGCTA",16
"CAGCTAAGTGGGTATG",7
"CAGCTGGCAAGCGAGT",7
"CAGCTGGCATCTACGA",12
"CAGCTGGGTATGGTTC",11
"CAGCTGGGTCATATCG",10
"CAGCTGGTCAACCAAC",8
"CAGGTGCCAAGGACTG",3
"CAGGTGCGTCTAAACC",4
"CAGTAACTCATCGGAT",15
"CAGTCCTAGAGGACGG",3
"CAGTCCTGTGAGCGAT",4
"CATATGGCAGCTCGAC",7
"CATATGGCATGACGGA",15
"CATATGGGTGCGGTAA",2
"CATATTCCAAGCCCAC",6
"CATATTCCAGACTCGC",21
"CATATTCGTTGGTTTG",11
"CATCAAGCACCGATAT",11
"CATCAGAAGTAATCCC",8
"CATCAGAAGTACGTTC",6
"CATCAGAAGTTACCCA",7
"CATCAGACACCCATGG",9
"CATCAGAGTATATCCG",8
"CATCAGAGTATATGGA",5
"CATCCACCATCTACGA",7
"CATCCACTCCAGTATG",11
"CATCGAAGTCCGCTGA",21
"CATCGAAGTGTAATGA",2
"CATCGGGAGCGATAGC",21
"CATCGGGCAATGTTGC",3
"CATCGGGTCCCATTTA",22
"CATCGGGTCGATCCCT",3
"CATGACAAGACTAAGT",4
"CATGACAAGGCATTGG",2
"CATGACACAAGCCGTC",16
"CATGACAGTAACGTTC",5
"CATGACAGTTTGGCGC",9
"CATGACATCCGAGCCA",6
"CATGCCTAGGGCTCTC",13
"CATGCCTTCGACGGAA",16
"CATGGCGCAAGGGTCA",3
"CATTATCAGCCAACAG",9
"CATTATCGTGGGTATG",1
"CATTATCTCCAGTAGT",12
"CATTCGCAGTACATGA",22
"CATTCGCCACTCGACG",7
"CATTCGCCAGCCAGAA",13
"CCAATCCTCAACCATG",14
"CCAATCCTCTCTTGAT",11
"CCACCTACAAACCCAT",7
"CCACCTAGTTTCCACC",17
"CCACCTATCCTCCTAG",13
"CCACGGAAGTGCCATT",7
"CCACGGACAAGCTGTT",11
"CCACGGATCAAACGGG",5
"CCACGGATCTGTTTGT",4
"CCAGCGATCGGAGGTA",1
"CCATGTCGTACGACCC",11
"CCATGTCGTGAGCGAT",6
"CCATGTCTCACCGGGT",6
"CCATTCGAGGCATTGG",7
"CCATTCGCACGAAACG",14
"CCCAATCCAATGTTGC",16
"CCCAATCGTATCTGCA",9
"CCCAATCTCGGTCCGA",7
"CCCAATCTCTAACCGA",9
"CCCAGTTAGACTGGGT",7
"CCCAGTTCAGGAACGT",3
"CCCAGTTGTGAGGGTT",5
"CCCAGTTGTGATGATA",8
"CCCAGTTTCTGTCCGT",9
"CCCATACCACACGCTG",8
"CCCATACCACGTAAGG",59
"CCCATACCATGTCCTC",1
"CCCATACTCGTTACGA",7
"CCCTCCTCAACGCACC",5
"CCGGGATTCGGCTACG",7
"CCGGTAGCACTATCTT",23
"CCGGTAGGTGGTCCGT",3
"CCGGTAGGTTCTGGTA",5
"CCGGTAGTCGACGGAA",6
"CCGGTAGTCTCGTATT",3
"CCGTACTAGTCTTGCA",8
"CCGTACTAGTGTTTGC",7
"CCGTACTGTGGTTTCA",4
"CCGTACTGTTCACCTC",1
"CCGTACTTCATGGTCA",14
"CCGTACTTCGCCAAAT",58
"CCGTACTTCGTCCGTT",11
"CCGTGGAGTAACGCGA",13
"CCGTTCAAGTTAACGA",9
"CCGTTCACAAGTCTAC",7
"CCTAAAGAGGAGCGAG",13
"CCTAAAGGTAAGGGCT",6
"CCTAAAGGTATCAGTC",8
"CCTAAAGGTGGTCTCG",6
"CCTAAAGTCTGCAGTA",5
"CCTACACAGTGCAAGC",11
"CCTACACTCCCTAACC",1
"CCTACCAAGATCTGAA",7
"CCTACCAAGCCGTCGT",7
"CCTACCAGTAAACCTC",16
"CCTACCAGTACCGGCT",6
"CCTACCAGTAGCGATG",9
"CCTACCAGTTCTGAAC",7
"CCTACCATCAAGGTAA",44
"CCTAGCTGTCTTCTCG",13
"CCTAGCTTCATAGCAC",4
"CCTATTAAGCCAGTAG",4
"CCTATTAAGTACGTTC",23
"CCTATTACAAGTTCTG",13
"CCTATTACACCGCTAG",16
"CCTATTAGTGCAACGA",14
"CCTATTAGTTGTACAC",8
"CCTATTATCTGTCCGT",9
"CCTCAGTAGGCCCTTG",23
"CCTCAGTCATTCTCAT",6
"CCTCAGTGTACGACCC",9
"CCTCAGTTCCGTAGGC",8
"CCTCAGTTCTCCCTGA",17
"CCTCTGAAGACCCACC",10
"CCTCTGAAGCGTGTCC",37
"CCTCTGATCCCTTGTG",6
"CCTCTGATCTCAAACG",7
"CCTCTGATCTTAACCT",7
"CCTTACGAGATCCCAT",2
"CCTTACGCACTTAAGC",14
"CCTTACGTCCGCAGTG",16
"CCTTCCCAGCGCCTCA",17
"CCTTCCCAGTCCATAC",5
"CCTTCCCGTACAGACG",8
"CCTTCCCTCAGAGACG",17
"CCTTCGACACGAGGTA",11
"CCTTTCTAGACTGGGT",40
"CCTTTCTCATTATCTC",12
"CCTTTCTGTCATGCAT",10
"CCTTTCTGTTGAGTTC",18
"CCTTTCTGTTTCGCTC",8
"CCTTTCTTCCGAATGT",17
"CGAACATAGATCCCGC",11
"CGAACATCACGTAAGG",4
"CGAACATTCCTCATTA",11
"CGAACATTCGCCAAAT",13
"CGAATGTGTTCAGCGC",2
"CGAATGTTCGTACGGC",9
"CGAATGTTCTCGCATC",15
"CGACCTTAGCAGCCTC",19
"CGACCTTAGCCGGTAA",9
"CGACCTTAGGCCGAAT",8
"CGACCTTAGTTCCACA",50
"CGACTTCAGATCCCGC",12
"CGACTTCAGCTGTCTA",1
"CGACTTCGTCAGGACA",3
"CGACTTCTCCAGATCA",7
"CGAGAAGAGGTAGCTG",6
"CGAGAAGAGGTGATAT",6
"CGAGAAGCATCGACGC",20
"CGAGAAGGTACCGCTG",7
"CGAGAAGTCTGAAAGA",1
"CGAGCACAGAATTGTG",5
"CGAGCCAAGCGTTCCG",1
"CGAGCCAAGTAGCGGT",7
"CGAGCCAGTCCAACTA",5
"CGAGCCATCGGCATCG",5
"CGAGCCATCTCAACTT",23
"CGATCGGAGATGTGTA",21
"CGATCGGCACCGTTGG",2
"CGATGGCCATGCATGT",8
"CGATGGCGTTTAAGCC",14
"CGATGGCTCCTCCTAG",7
"CGATGTAAGCAGCGTA",7
"CGATTGACAAACGCGA",5
"CGATTGATCAGTTCGA",3
"CGCCAAGCAGTTCATG",7
"CGCCAAGCAGTTCCCT",5
"CGCCAAGTCAGCTCGG",4
"CGCCAAGTCCCTAATT",7
"CGCCAAGTCGTACCGG",13
"CGCGGTAAGGACAGCT",2
"CGCGGTACAAAGTCAA",4
"CGCGTTTAGGATATAC",18
"CGCGTTTCACAAGACG",7
"CGCGTTTCAGCTGTTA",7
"CGCGTTTGTCTAACGT",8
"CGCGTTTTCTATGTGG",13
"CGCTATCCATCTCGCT",7
"CGCTATCTCCACGTGG",9
"CGCTGGAAGGCATTGG",4
"CGCTGGAAGGGCTTCC",6
"CGCTGGAGTATTACCG",6
"CGCTTCAAGAATGTTG",21
"CGCTTCAGTATGGTTC",8
"CGCTTCATCCACGTGG",5
"CGGACACAGCTGGAAC",6
"CGGACACAGGACTGGT",21
"CGGACACAGGGTCGAT",20
"CGGACACCATTCCTGC",13
"CGGACACGTGAGGCTA",13
"CGGACACTCACGATGT",7
"CGGACGTCATTGGCGC",6
"CGGACTGCAACCGCCA",8
"CGGACTGCACACATGT",5
"CGGAGCTCAGTGAGTG",2
"CGGAGCTTCAGGATCT",6
"CGGAGTCAGCGAAGGG",6
"CGGAGTCAGTACTTGC",18
"CGGAGTCCAAGCCTAT",3
"CGGAGTCGTCACCCAG",6
"CGGGTCAAGCTCCTCT",8
"CGGGTCATCGACAGCC",5
"CGGGTCATCTGCTGCT",6
"CGGTTAAAGCGCCTTG",1
"CGGTTAACACCGTTGG",5
"CGGTTAAGTCAACATC",9
"CGGTTAAGTTAAAGAC",7
"CGGTTAAGTTTGACAC",4
"CGTAGCGCAGCTCCGA",8
"CGTAGCGTCCGTAGGC",6
"CGTAGCGTCTTGTCAT",6
"CGTAGGCAGTGGTCCC",7
"CGTAGGCCAAAGAATC",8
"CGTAGGCCACGCATCG",8
"CGTAGGCCAGCCTTGG",2
"CGTAGGCTCGAACGGA",12
"CGTCACTAGGACACCA",7
"CGTCACTCATGGTTGT",11
"CGTCACTGTCACCCAG",8
"CGTCAGGGTAAGAGGA",7
"CGTCAGGGTTAAGGGC",7
"CGTCAGGGTTCGCTAA",6
"CGTCCATAGAAGCCCA",7
"CGTCCATAGGACTGGT",27
"CGTCCATCAAGGTTTC",5
"CGTCTACAGTCACGCC",5
"CGTCTACCAATAGAGT",14
"CGTCTACCACTTCGAA",7
"CGTGAGCAGACCACGA",18
"CGTGAGCCAATGGAGC",21
"CGTGAGCCATGCTAGT",6
"CGTGAGCCATGGTCAT",3
"CGTGAGCGTGACAAAT",13
"CGTGAGCTCTGAAAGA",1
"CGTGTAAGTACTCAAC",6
"CGTGTCTAGCTTTGGT",8
"CGTGTCTAGTAATCCC",3
"CGTGTCTCAGACGCAA",7
"CGTTAGAAGCTCAACT",3
"CGTTAGAGTGACAAAT",11
"CGTTAGAGTTATCCGA",21
"CGTTCTGGTTGGTGGA",8
"CGTTCTGTCACTCTTA",12
"CGTTCTGTCTTTAGGG",27
"CGTTGGGAGAATGTTG",7
"CGTTGGGGTCACCTAA",7
"CGTTGGGTCAGCTTAG",4
"CGTTGGGTCCACTCCA",7
"CGTTGGGTCTCCGGTT",7
"CTAACTTAGTGGTAGC",17
"CTAACTTCACGGCGTT",1
"CTAACTTTCAACACCA",18
"CTAAGACAGAGTAATC",5
"CTAAGACCATGTTCCC",13
"CTAAGACGTAAGCACG",4
"CTAAGACGTAGCTTGT",4
"CTAAGACGTTCAGTAC",21
"CTAAGACTCTCCAGGG",8
"CTAATGGCAGCGATCC",11
"CTACACCGTACATCCA",16
"CTACACCGTGGTACAG",27
"CTACATTCAACACCCG",7
"CTACATTTCCCAAGTA",8
"CTACCCAAGGCTAGGT",4
"CTACCCAGTCACTTCC",15
"CTACCCAGTGTTGAGG",6
"CTACCCATCCCTGACT",8
"CTACCCATCTTAGCCC",7
"CTACGTCAGCGCCTTG",6
"CTACGTCAGTGAACAT",7
"CTACGTCGTCGACTAT",8
"CTACGTCTCGCCAGCA",10
"CTACGTCTCTAACGGT",12
"CTAGAGTGTACCCAAT",21
"CTAGAGTGTACCGCTG",2
"CTAGAGTGTAGCGTCC",7
"CTAGCCTAGCATCATC",7
"CTAGCCTCAATGAATG",27
"CTAGCCTCATGTCGAT",4
"CTAGTGACAGATCGGA",4
"CTAGTGATCCGCATCT",6
"CTCACACCAGATCGGA",7
"CTCACACCATACTCTT",4
"CTCACACGTCCTCTTG",12
"CTCACACGTGTATGGG",11
"CTCAGAAAGCACGCCT",11
"CTCAGAAGTTTGCATG",8
"CTCAGAATCCTTGACC",9
"CTCATTAAGCAGCGTA",5
"CTCATTAAGCTACCGC",5
"CTCATTAAGGGCATGT",8
"CTCATTAAGTACTTGC",17
"CTCATTAGTCTGATTG",7
"CTCATTAGTGTTGGGA",8
"CTCATTATCACGACTA",7
"CTCATTATCAGGCAAG",8
"CTCATTATCTCTAGGA",5
"CTCCTAGAGACACTAA",12
"CTCCTAGCAATGGTCT",44
"CTCCTAGCAGCTGTAT",27
"CTCCTAGGTCCGTGAC",21
"CTCCTAGGTTTACTCT",17
"CTCGAAACAGGACCCT",7
"CTCGAAATCAATACCG",12
"CTCGAGGAGTTGTCGT",18
"CTCGGAGAGACCCACC",11
"CTCGGAGAGTCTCGGC",7
"CTCGGAGCATGTCGAT",19
"CTCGGAGGTGCGATAG",7
"CTCGGAGGTGTTTGGT",7
"CTCGGAGTCCGCATCT",5
"CTCGGAGTCTGCTGTC",3
"CTCGGGACATGAACCT",13
"CTCGGGATCAACCATG",43
"CTCGTACAGACAAAGG",4
"CTCGTACCAGCTGCAC",7
"CTCGTCAAGACACGAC",8
"CTCTAATCAAGCCGTC",8
"CTCTAATCAATTGCTG",9
"CTCTAATCACTGTTAG",6
"CTCTAATCAGTCACTA",7
"CTCTAATCAGTCCTTC",13
"CTCTAATGTACTCTCC",7
"CTCTAATTCACAAACC",11
"CTCTAATTCAGTTTGG",7
"CTCTAATTCTATCCTA",9
"CTCTACGAGACTTGAA",4
"CTCTACGAGGGAACGG",5
"CTCTACGCAGCTATTG",6
"CTCTACGTCTCTAGGA",8
"CTCTGGTAGTACGTTC",5
"CTCTGGTAGTCCTCCT",7
"CTCTGGTCACAGCGTC",7
"CTCTGGTGTCAAACTC",9
"CTCTGGTGTGGACGAT",7
"CTCTGGTTCGTCTGAA",27
"CTGAAACCATCTCCCA",7
"CTGAAGTCATGGATGG",6
"CTGAAGTGTGTGGCTC",2
"CTGATAGCAACTGCTA",13
"CTGATAGCATTAGCCA",8
"CTGATAGTCATATCGG",7
"CTGATAGTCGTAGATC",5
"CTGATAGTCTCGATGA",7
"CTGATCCAGTCCTCCT",7
"CTGATCCGTTGGTGGA",3
"CTGCCTAAGAAGGTGA",8
"CTGCCTAAGTCCATAC",12
"CTGCCTACAGCATGAG",36
"CTGCCTAGTGTGTGCC",11
"CTGCCTATCGTCGTTC",9
"CTGCGGAAGCTTTGGT",4
"CTGCGGACAATGGACG",5
"CTGCGGAGTGTCCTCT",20
"CTGCTGTAGCATCATC",21
"CTGCTGTCAAGACACG",18
"CTGCTGTGTATGAAAC",2
"CTGCTGTGTGCCTGTG",6
"CTGCTGTTCTGTCTCG",9
"CTGGTCTAGTGGTAAT",5
"CTGGTCTCAGCTGTTA",16
"CTGGTCTGTTCGGCAC",10
"CTGGTCTTCACCATAG",7
"CTGGTCTTCGAGCCCA",7
"CTGTGCTAGAATGTGT",8
"CTGTGCTAGAGAGCTC",6
"CTGTGCTAGCGTGTCC",6
"CTGTGCTAGGTCATCT",6
"CTGTGCTAGTTTCCTT",4
"CTGTGCTCACCAGATT",5
"CTGTGCTCATCAGTAC",5
"CTGTGCTGTCATTAGC",13
"CTGTGCTTCGAGCCCA",9
"CTGTGCTTCTTCAACT",9
"CTGTTTAAGAACTCGG",5
"CTGTTTAAGACTCGGA",55
"CTGTTTAAGCCGGTAA",11
"CTGTTTAAGGCATGGT",3
"CTGTTTAAGGCTCTTA",9
"CTGTTTAAGGTGGGTT",13
"CTGTTTAGTACCGTAT",10
"CTGTTTATCGGTCCGA",19
"CTGTTTATCTGGAGCC",10
"CTTAACTAGCATCATC",8
"CTTAACTAGGACATTA",3
"CTTAACTCATACCATG",18
"CTTAACTTCAACTCTT",5
"CTTACCGAGAGTGAGA",7
"CTTACCGAGCCACGCT",8
"CTTACCGAGGGTTCCC",8
"CTTACCGAGTGCGTGA",7
"CTTACCGCAGCTTAAC",8
"CTTACCGTCACCCTCA",6
"CTTAGGAAGCCACTAT",15
"CTTAGGACATGCTGGC",11
"CTTAGGAGTTCACGGC",8
"CTTCTCTGTATCAGTC",8
"CTTCTCTGTGGGTCAA",9
"CTTGGCTCATAGACTC",5
"CTTTGCGCAGGTGGAT",3
"CTTTGCGCAGTCGTGC",7
"CTTTGCGTCGCGCCAA",6
"GAAACTCAGGTGTGGT",6
"GAAACTCCAGCCTTGG",21
"GAAACTCCATGGTAGG",14
"GAAATGAGTTGATTGC",39
"GAACATCCATTTGCTT",2
"GAACATCGTCACTGGC",9
"GAACATCTCGGAATCT",8
"GAACATCTCTTGCATT",8
"GAACCTACAGACGCCT",17
"GAACCTAGTGCCTTGG",9
"GAACCTAGTGCGGTAA",21
"GAACGGAAGCCACTAT",3
"GAACGGAGTCCGCTGA",2
"GAACGGAGTCTTTCAT",1
"GAACGGATCGCGTTTC",17
"GAACGGATCTCGATGA",7
"GAAGCAGAGAGGTTGC",5
"GAAGCAGCAGGGTACA",15
"GAAGCAGGTAGTACCT",7
"GAAGCAGGTCCGAAGA",6
"GAAGCAGGTTGAGGTG",3
"GAATAAGGTACAGTTC",9
"GAATAAGGTCTCATCC",8
"GAATAAGGTGCAACTT",16
"GAATAAGTCCTAAGTG",5
"GAATGAAAGGAGCGTT",2
"GAATGAAGTCCGTGAC",6
"GAATGAAGTTATTCTC",12
"GAATGAAGTTCCGTCT",8
"GAATGAATCGACGGAA",7
"GACACGCAGTCAAGGC",5
"GACACGCAGTCCCACG",11
"GACAGAGGTTCCATGA",4
"GACAGAGTCCTCCTAG",3
"GACCAATCACCGGAAA",7
"GACCAATCAGACGCTC",16
"GACCAATGTTAGGGTG",3
"GACCTGGCACACAGAG",7
"GACCTGGGTCGTCTTC",13
"GACGCGTAGGGATACC",15
"GACGCGTTCCAGGGCT",7
"GACGCGTTCGTGGGAA",6
"GACGTGCAGACAGACC",2
"GACGTGCAGCTCAACT",3
"GACGTGCCATCGTCGG",3
"GACGTTACAAGTACCT",27
"GACGTTACACGTGAGA",1
"GACGTTAGTATATGAG",7
"GACGTTATCGTGGGAA",1
"GACTAACAGCTAGCCC",16
"GACTAACAGTGTACCT",2
"GACTAACGTCTCTTTA",11
"GACTAACGTGGTAACG",21
"GACTAACGTTACGTCA",18
"GACTACAAGGCATGTG",6
"GACTACAAGGGCTCTC",6
"GACTACACACTAAGTC",7
"GACTACAGTAGGCTGA",3
"GACTACAGTTATCGGT",2
"GACTACAGTTCCCGAG",12
"GACTGCGAGGCTACGA",27
"GACTGCGCAGGTCCAC",6
"GACTGCGCATTGGTAC",20
"GACTGCGTCAGCTCTC",7
"GACTGCGTCTCTAAGG",21
"GACTGCGTCTTCGGTC",7
"GAGCAGAAGGCCCGTT",15
"GAGCAGAAGGTGATTA",20
"GAGCAGATCTAGAGTC",6
"GAGCAGATCTTAGCCC",7
"GAGGTGAAGACGCAAC",7
"GAGGTGACAATGACCT",6
"GAGGTGACACGGTAAG",8
"GAGTCCGCAAGAAAGG",3
"GAGTCCGCACGGCCAT",10
"GAGTCCGTCTTAGAGC",4
"GATCAGTCAAGCGCTC",11
"GATCGATAGGTCATCT",10
"GATCGATAGTACGACG",4
"GATCGATGTAAATGTG",7
"GATCGATGTTCCATGA",6
"GATCGATTCAACCAAC",11
"GATCGATTCATCGCTC",7
"GATCGCGGTCACACGC",10
"GATCGCGGTGTTTGTG",4
"GATCGTAAGTTGAGAT",15
"GATCGTACAGTTCCCT",9
"GATCTAGAGATATGCA",8
"GATCTAGGTCTAGAGG",2
"GATGAAATCTGAGTGT",6
"GATGAGGAGCCATCGC",7
"GATGAGGAGCGAGAAA",6
"GATGAGGAGTCCTCCT",1
"GATGAGGCACAACTGT",6
"GATGAGGTCTCGCATC",19
"GATGAGGTCTGCGGCA",6
"GATGCTAAGTACTTGC",6
"GATGCTAGTACAGCAG",7
"GATGCTAGTATCGCAT",13
"GATGCTAGTTCAGACT",13
"GATTCAGAGAGACGAA",14
"GATTCAGAGCCTATGT",3
"GATTCAGAGGGATACC",4
"GATTCAGGTCCGAAGA",5
"GCAAACTAGCCAGAAC",5
"GCAAACTCACGCATCG",6
"GCAAACTCATCTGGTA",9
"GCAAACTGTTTGGCGC",7
"GCAATCAAGAGTACAT",9
"GCAATCAAGGCGTACA",5
"GCAATCACAATCACAC",3
"GCAATCACAGACGCCT",21
"GCAATCATCCGATATG",9
"GCAATCATCCGCATAA",8
"GCACATACAAGTCTAC",8
"GCACTCTTCGGTTAAC",6
"GCAGCCAAGACTGTAA",15
"GCAGCCAAGCAAATCA",7
"GCAGCCAAGTGGGCTA",7
"GCAGCCACAGTACACT",8
"GCAGCCACATTTCAGG",11
"GCAGCCAGTAGAAAGG",5
"GCAGCCAGTCTTTCAT",8
"GCAGCCAGTTTAAGCC",9
"GCAGTTAGTAAGTGTA",8
"GCAGTTAGTACTTCTT",11
"GCATACAAGCGGCTTC",7
"GCATACAAGGTACTCT",7
"GCATACAGTCTAGAGG",15
"GCATACAGTGCTAGCC",9
"GCATACAGTTTGACAC",8
"GCATACATCTTAACCT",6
"GCATGATAGATAGTCA",8
"GCATGATAGCTGTTCA",3
"GCATGATGTTCTGAAC",19
"GCATGATTCATTATCC",7
"GCATGCGCACATCTTT",7
"GCATGTAAGTGAACGC",3
"GCATGTACATGTCGAT",20
"GCATGTACATTTGCTT",4
"GCCAAATAGTCCGGTC",11
"GCCAAATCACAGTCGC",7
"GCCAAATCAGCGTTCG",7
"GCCAAATGTCCTGCTT",7
"GCCTCTAAGAGCTGCA",5
"GCCTCTAAGTTACGGG",11
"GCCTCTAGTGCTCTTC",7
"GCCTCTATCCCTGACT",7
"GCCTCTATCGATAGAA",2
"GCGAGAAGTCCAGTAT",3
"GCGCAACAGCTGCGAA",4
"GCGCAACCAACGATGG",9
"GCGCAGTAGACACGAC",6
"GCGCAGTGTAGAAAGG",6
"GCGCAGTGTCGGGTCT",15
"GCGCAGTGTGTATGGG",39
"GCGCAGTTCAGGCGAA",8
"GCGCAGTTCGTATCAG",2
"GCGCCAAAGCGCCTTG",5
"GCGCCAACAATAAGCA",13
"GCGCCAAGTAAGAGGA",3
"GCGCCAAGTGATAAGT",6
"GCGCCAAGTGTGACCC",7
"GCGCCAATCTGGCGAC",3
"GCGGGTTAGTGCTGCC",7
"GCGGGTTTCTGTACGA",2
"GCTCCTAAGCGATCCC",21
"GCTCCTAGTTAGATGA",15
"GCTCTGTAGGTGGGTT",1
"GCTCTGTCACCACCAG",2
"GCTCTGTCACCGTTGG",8
"GCTCTGTCATTGGGCC",2
"GCTCTGTTCCTACAGA",7
"GCTCTGTTCGAGAGCA",5
"GCTGCAGAGTACTTGC",9
"GCTGCAGCAAGCGATG",3
"GCTGCAGCAATGGAGC",7
"GCTGCAGCATAGACTC",8
"GCTGCAGGTAAGGATT",5
"GCTGCAGGTTCCAACA",7
"GCTGCAGTCAATCTCT",8
"GCTGCAGTCAGCCTAA",8
"GCTGCGACAATAGCGG",2
"GCTGCGAGTACCAGTT",3
"GCTGCGAGTGTAAGTA",3
"GCTGCGATCCCATTTA",1
"GCTGCGATCGGCTTGG",2
"GCTGCTTGTAGCGATG",8
"GCTGCTTGTGCTAGCC",2
"GCTGCTTGTTCTCATT",9
"GCTGGGTAGACCTAGG",2
"GCTGGGTAGCCACCTG",6
"GCTGGGTAGTCCTCCT",12
"GCTTCCAAGACCTTTG",11
"GCTTCCACACGGACAA",24
"GCTTCCATCCAGTAGT",20
"GCTTGAACATTCGACA",21
"GCTTGAAGTACTTAGC",8
"GCTTGAATCTTGCAAG",11
"GGAAAGCAGTTCGATC",4
"GGAAAGCCATGCAACT",7
"GGAAAGCGTTTCCACC",7
"GGAAAGCTCAACACCA",13
"GGAAAGCTCCTACAGA",6
"GGAACTTCAATACGCT",47
"GGAACTTTCTCGAGTA",4
"GGAATAAGTACATGTC",12
"GGAATAAGTCGGCATC",6
"GGAATAATCTCGGACG",13
"GGACAAGCAATGAATG",7
"GGACAGACACCTTGTC",7
"GGACAGAGTGTGCCTG",7
"GGACAGAGTTAGTGGG",21
"GGACATTTCACAACGT",9
"GGACGTCGTCGGCATC",4
"GGACGTCTCCTAAGTG",2
"GGACGTCTCGGACAAG",3
"GGAGCAACACAGGTTT",21
"GGAGCAAGTGGTGTAG",6
"GGAGCAATCACAGTAC",7
"GGATGTTAGACAGGCT",8
"GGATGTTCACTAGTAC",8
"GGATGTTGTACCTACA",7
"GGATGTTTCAACGCTA",9
"GGATTACGTCATATCG",6
"GGATTACGTGATGTGG",7
"GGCAATTAGCAGCGTA",8
"GGCAATTCAATCACAC",18
"GGCAATTCATAAGACA",21
"GGCAATTGTCTTGTCC",8
"GGCAATTTCTGTACGA",16
"GGCCGATCATCCGCGA",9
"GGCCGATGTCTAGCCG",8
"GGCCGATGTTCCACGG",5
"GGCCGATTCGCCTGTT",10
"GGCGACTAGCGTCAAG",6
"GGCGACTAGTATCTCG",27
"GGCGACTCAATCGAAA",33
"GGCGACTCACATTAGC",11
"GGCGACTCAGCTGGCT",6
"GGCGTGTAGTATTGGA",2
"GGCGTGTCAGCTGTAT",7
"GGCGTGTCATGGGAAC",5
"GGCTCGAGTACATCCA",3
"GGCTCGAGTATGAATG",6
"GGCTCGAGTCTCAACA",3
"GGCTCGAGTTGCTCCT",7
"GGCTCGATCTAACGGT",7
"GGGAATGGTCTGATTG",2
"GGGACCTGTAAGCACG",22
"GGGACCTTCAACGGGA",13
"GGGAGATCACTTACGA",3
"GGGAGATGTACTCTCC",6
"GGGAGATGTTCTCATT",48
"GGGATGAAGAAACGAG",2
"GGGATGAAGATGGGTC",7
"GGGATGAGTAGCTAAA",13
"GGGCACTAGACAGGCT",7
"GGGCACTCACGTAAGG",5
"GGGCACTTCGCTGATA",9
"GGGCATCAGGGTTCCC",4
"GGGCATCGTTATCGGT",5
"GGGCATCTCCCTTGCA",7
"GGGCATCTCCTTGACC",58
"GGGTCTGTCTTTACAC",21
"GGGTTGCCATACTCTT",4
"GGGTTGCCATGGAATA",21
"GGGTTGCCATTTCAGG",11
"GGGTTGCTCATCGGAT",6
"GGTATTGCATAGAAAC",1
"GGTATTGTCCTTCAAT",5
"GGTGAAGAGAGTGAGA",3
"GGTGAAGCAACACGCC",8
"GGTGCGTCAATGAATG",51
"GGTGCGTTCATTCACT",8
"GGTGTTACATGTCTCC",9
"GGTGTTATCTAACTTC",5
"GTAACGTAGAGTAATC",6
"GTAACTGAGCAGCCTC",8
"GTAACTGAGGTGGGTT",6
"GTAACTGCACATTCGA",4
"GTAACTGCAGCGTCCA",7
"GTAACTGCAGGTCTCG",8
"GTAACTGGTCCAGTAT",11
"GTACGTAAGCTGAACG",5
"GTACGTACACGGACAA",7
"GTACGTATCTGTACGA",15
"GTACTCCAGAGGTTAT",8
"GTACTCCGTCAGAATA",3
"GTACTCCTCACAAACC",8
"GTACTCCTCTTGGGTA",7
"GTACTTTGTCCTCCAT",13
"GTACTTTGTCTCATCC",7
"GTAGGCCCACTTCTGC",7
"GTAGGCCGTTCATGGT",21
"GTAGGCCTCGCCTGTT",21
"GTAGTCACACGGTTTA",7
"GTAGTCACATGCATGT",9
"GTAGTCATCGTTTATC",4
"GTATCTTAGAGGGCTT",7
"GTATCTTAGTCTCAAC",5
"GTATCTTCATCACGTA",7
"GTATCTTGTCCTCCAT",10
"GTATCTTGTTCTGGTA",6
"GTATCTTTCATGGTCA",21
"GTATTCTAGAATTGTG",7
"GTATTCTAGGACCACA",2
"GTATTCTCAAGAGTCG",7
"GTATTCTTCCTGCTTG",3
"GTCAAGTAGGCGATAC",7
"GTCAAGTCACACGCTG",10
"GTCAAGTCAGCTGTAT",3
"GTCAAGTTCAAAGTAG",5
"GTCACAACAAGTTGTC",7
"GTCACAACATCTATGG",11
"GTCACAACATTGAGCT",5
"GTCACGGAGTACACCT",11
"GTCACGGCAAAGGCGT",4
"GTCACGGTCACCATAG",8
"GTCACGGTCCGTCATC",9
"GTCATTTAGCGTTTAC",1
"GTCATTTTCGTCCGTT",15
"GTCATTTTCGTCGTTC",7
"GTCCTCAAGCGACGTA",3
"GTCCTCACATCCTAGA",12
"GTCCTCATCTAAGCCA",11
"GTCGGGTCACTTCGAA",15
"GTCGGGTCATCAGTAC",5
"GTCGGGTCATGTAAGA",20
"GTCGGGTGTTCTCATT",7
"GTCGTAAGTGGACGAT",7
"GTCGTAATCAAGATCC",6
"GTCGTAATCGATCCCT",11
"GTCTCGTTCCGATATG",54
"GTCTCGTTCGTTTAGG",2
"GTCTCGTTCTGCGACG",21
"GTCTTCGTCAGGCCCA",8
"GTCTTCGTCATGTGGT",7
"GTGAAGGCACGAAACG",10
"GTGAAGGTCCGATATG",6
"GTGAAGGTCGCGCCAA",6
"GTGCAGCAGTAGTGCG",7
"GTGCAGCAGTGCTGCC",30
"GTGCAGCCAGCTGGCT",10
"GTGCAGCGTGCGATAG",7
"GTGCAGCTCCGCAGTG",7
"GTGCATAGTAAACACA",8
"GTGCATAGTAAATGTG",11
"GTGCATAGTCGGCATC",5
"GTGCATAGTGCAGGTA",6
"GTGCATAGTGTGCCTG",15
"GTGCATATCTGCCCTA",11
"GTGCGGTTCCCTAACC",7
"GTGCTTCCACAACGCC",3
"GTGCTTCCAGCTGGCT",14
"GTGCTTCGTAGAGGAA",7
"GTGCTTCTCCCATTTA",4
"GTGGGTCCAAAGGCGT",20
"GTGTGCGCACAGGAGT",1
"GTGTGCGTCCCTCTTT",3
"GTGTTAGAGCTTATCG",11
"GTGTTAGGTATTCTCT",7
"GTGTTAGGTGCCTGGT",6
"GTGTTAGGTGGGTATG",6
"GTTAAGCAGGTCGGAT",7
"GTTAAGCCAATAGCGG",3
"GTTAAGCCACACCGCA",34
"GTTAAGCGTCTCTCTG",7
"GTTAAGCTCCCTTGCA",21
"GTTAAGCTCTAACTTC",9
"GTTACAGTCCGTTGCT",16
"GTTCATTCAATGTTGC",21
"GTTCATTCACATTCGA",7
"GTTCATTCATCACCCT",3
"GTTCATTGTAAACACA",10
"GTTCATTGTTCACGGC",3
"GTTCATTTCCCGGATG",7
"GTTCATTTCCGATATG",1
"GTTCGGGAGGGCACTA",13
"GTTCGGGCAGCTCGAC",7
"GTTCGGGGTTCGGCAC",3
"GTTCGGGTCCGGGTGT",6
"GTTCTCGAGCTGTCTA",4
"GTTCTCGTCGTTTGCC",7
"GTTTCTAGTATTACCG",4
"GTTTCTATCAGTACGT",8
"TAAACCGAGAGACTAT",27
"TAAACCGAGTCGATAA",6
"TAAACCGTCACGCATA",8
"TAAACCGTCAGCTGGC",16
"TAAACCGTCATTATCC",17
"TAAGAGACAGAGTGTG",7
"TAAGAGACATTCGACA",21
"TAAGTGCCAAGAGTCG",8
"TAAGTGCGTAAGAGAG",2
"TAAGTGCTCGCGTAGC",20
"TACACGAAGGTAGCTG",6
"TACACGACATTGAGCT",24
"TACACGAGTGAGGGTT",6
"TACACGAGTGGAAAGA",21
"TACACGATCGCACTCT",5
"TACACGATCGGCGCTA",5
"TACAGTGAGCTGCGAA",3
"TACAGTGCAGCCAATT",10
"TACAGTGGTGACCAAG",11
"TACAGTGTCAGTTTGG",3
"TACCTATAGACAAGCC",7
"TACCTATCACATCCAA",8
"TACCTATCAGGTCCAC",6
"TACCTATCAGTCAGCC",10
"TACCTATTCGTCACGG",9
"TACCTATTCTATCGCC",6
"TACCTATTCTCATTCA",13
"TACCTTAGTGCACTTA",7
"TACCTTATCCGTCATC",7
"TACCTTATCTTCATGT",9
"TACGGATGTATAATGG",8
"TACGGATGTCAGATAA",2
"TACGGGCAGATATGCA",3
"TACGGGCTCACTTCAT",23
"TACGGGCTCCTTGACC",12
"TACGGTAAGAAGGACA",21
"TACGGTATCTAGCACA",7
"TACTCATGTCAGATAA",8
"TACTCATTCACGATGT",5
"TACTCATTCCTCGCAT",8
"TACTCGCAGCTGTCTA",26
"TACTCGCGTTTGACTG",21
"TACTTACCAAGTCTGT",7
"TACTTACGTATATCCG",12
"TACTTACGTCAAAGAT",21
"TACTTACGTCTAACGT",5
"TACTTGTCAGCCAGAA",12
"TACTTGTGTATGAAAC",12
"TACTTGTGTCGAATCT",17
"TACTTGTTCAACGGCC",7
"TACTTGTTCATCACCC",7
"TACTTGTTCCGATATG",11
"TAGACCACAAGCGATG",2
"TAGACCACATCCTAGA",4
"TAGACCAGTGAGCGAT",13
"TAGAGCTAGATGCCAG",6
"TAGAGCTCAATCACAC",4
"TAGAGCTGTCTAGTGT",21
"TAGAGCTGTGTCCTCT",6
"TAGAGCTTCAGCCTAA",9
"TAGAGCTTCGTGGACC",3
"TAGCCGGCAAGTCATC",5
"TAGCCGGGTGAGCGAT",7
"TAGCCGGTCACGCGGT",2
"TAGGCATAGAGCTTCT",7
"TAGGCATAGATGTAAC",2
"TAGGCATCACTGCCAG",5
"TAGTGGTAGTTTAGGA",6
"TAGTGGTCACGGACAA",3
"TAGTTGGAGAAACGCC",5
"TAGTTGGCACACATGT",9
"TAGTTGGCACATTTCT",32
"TAGTTGGCATTGGTAC",10
"TATCAGGAGTACCGGA",13
"TATCAGGGTACCATCA",9
"TATCAGGGTGAACCTT",21
"TATCTCACAAGTCTGT",2
"TATCTCACAATGAATG",8
"TATCTCACAGGCGATA",4
"TATCTCAGTTAAGTAG",13
"TATGCCCAGAAACCAT",16
"TATGCCCAGCGACGTA",6
"TATGCCCAGCTCCTCT",9
"TATGCCCCAGGGAGAG",6
"TATGCCCGTCCAGTTA",7
"TATGCCCTCTACTCAT",6
"TATTACCTCATGTCTT",8
"TCAACGAAGTAGGTGC",6
"TCAACGACAATTGCTG",8
"TCAACGAGTATCAGTC",10
"TCAATCTAGACACGAC",9
"TCAATCTGTACGCACC",5
"TCACAAGAGCAGATCG",3
"TCACAAGAGGTCGGAT",3
"TCACAAGCAGACACTT",5
"TCACAAGTCCTATTCA",32
"TCACGAAAGGCCCTCA",7
"TCACGAAAGGGCTCTC",11
"TCACGAAGTCTTTCAT",14
"TCACGAATCATCGATG",9
"TCAGATGAGATCCTGT",7
"TCAGATGAGCGATAGC",6
"TCAGATGTCGGCGCTA",7
"TCAGCAAGTCCCTTGT",8
"TCAGCTCAGGGAAACA",5
"TCAGCTCAGTCACGCC",21
"TCAGCTCCACAGACAG",11
"TCAGCTCGTGTGAATA",1
"TCAGGATAGCTAGCCC",3
"TCAGGATAGTACGCCC",4
"TCAGGATAGTCACGCC",13
"TCAGGATCAAGCCCAC",2
"TCAGGTAAGGCCGAAT",8
"TCAGGTACACAGTCGC",1
"TCAGGTAGTAGAAGGA",4
"TCAGGTATCACAATGC",46
"TCATTACAGACACTAA",7
"TCATTACAGACCTTTG",8
"TCATTACAGTACGTTC",23
"TCATTACCAGATCGGA",7
"TCATTACCAGGGATTG",8
"TCATTACGTGTAATGA",13
"TCATTTGAGTGCGTGA",13
"TCATTTGCACGTAAGG",8
"TCATTTGCATCATCCC",14
"TCATTTGCATCTACGA",5
"TCATTTGGTTCCGTCT",12
"TCCCGATCATCGTCGG",6
"TCGAGGCAGGGAGTAA",7
"TCGAGGCGTGACAAAT",7
"TCGAGGCTCGTCACGG",2
"TCGCGAGAGCTGCGAA",45
"TCGCGAGGTACAGTTC",7
"TCGCGAGGTGGCAAAC",20
"TCGCGAGGTGTCCTCT",8
"TCGCGTTAGCACACAG",8
"TCGCGTTGTAATCACC",8
"TCGCGTTGTAGCGTCC",2
"TCGCGTTTCAGGTAAA",7
"TCGGGACAGGAGTACC",2
"TCGGGACGTTCCGTCT",7
"TCGGTAACAAGCTGTT",4
"TCGGTAACACCAGATT",12
"TCGTACCTCATTATCC",7
"TCGTACCTCGGCTTGG",6
"TCGTACCTCGTTTATC",8
"TCGTAGAAGTGTCCCG",15
"TCGTAGATCAGTCAGT",12
"TCTATTGAGACCTAGG",9
"TCTATTGAGTCTCCTC",13
"TCTATTGCATAACCTG",8
"TCTCATAAGTTTCCTT",8
"TCTCATACAATCTGCA",10
"TCTCATATCACTCCTG",8
"TCTCATATCGGAATCT",21
"TCTCTAACAGATCCAT",4
"TCTCTAATCAATCTCT",7
"TCTCTAATCATAAAGG",8
"TCTGAGACAGATCGGA",6
"TCTGAGATCGGCTACG",12
"TCTGGAAAGCGTGAAC",13
"TCTGGAACACACCGCA",16
"TCTGGAACACACGCTG",7
"TCTGGAAGTCCTCTTG",7
"TCTGGAATCCTTGCCA",3
"TCTGGAATCGTAGGTT",21
"TCTTCGGAGATGTAAC",7
"TCTTCGGAGCAGATCG",4
"TCTTCGGCACCCTATC",11
"TCTTCGGGTACATGTC",9
"TCTTCGGTCACCAGGC",8
"TCTTTCCAGCTGCCCA",10
"TCTTTCCGTTATCACG",3
"TCTTTCCTCATTGCGA",14
"TCTTTCCTCTGCTTGC",7
"TGAAAGAAGCAGATCG",4
"TGAAAGACACCAGATT",7
"TGAAAGACATCTCCCA",13
"TGAAAGAGTAAACCTC",21
"TGAAAGAGTCGCTTCT",2
"TGACAACAGCTTATCG",8
"TGACAACCACTGTGTA",7
"TGACAACCATTCCTGC",10
"TGACAACGTTAGATGA",6
"TGACAACTCCCTCAGT",8
"TGACAACTCCGATATG",7
"TGACGGCAGGTGTGGT",15
"TGACGGCAGTTTAGGA",7
"TGACGGCCAGATGGGT",15
"TGACTAGAGTTTAGGA",3
"TGACTAGCAACCGCCA",11
"TGACTTTCACGACTCG",9
"TGACTTTGTATAATGG",16
"TGAGAGGAGGTCATCT",7
"TGAGAGGGTCTAGCGC",21
"TGAGCATCAGATGAGC",15
"TGAGCATTCTCACATT",17
"TGAGCCGAGAGTAATC",7
"TGAGCCGAGGCGACAT",21
"TGAGCCGGTCGAACAG",20
"TGAGCCGGTTTGACAC",11
"TGAGCCGGTTTGTTTC",10
"TGAGGGACAGTAGAGC",15
"TGAGGGATCTTACCGC",11
"TGATTTCAGAGACGAA",4
"TGATTTCAGGATATAC",21
"TGATTTCTCCTCGCAT",7
"TGCACCTAGCGGATCA",4
"TGCACCTAGTCGATAA",27
"TGCACCTCAAGACACG",9
"TGCACCTCATAGGATA",6
"TGCACCTTCTCAACTT",10
"TGCCAAAAGCTAGTCT",13
"TGCCAAACAGATCCAT",14
"TGCCAAATCAATAAGG",1
"TGCCAAATCACTTATC",21
"TGCCCATAGAAACGAG",27
"TGCCCATAGGAATCGC",27
"TGCCCATAGTTTCCTT",5
"TGCCCATGTCAATACC",20
"TGCCCATGTTCCCTTG",7
"TGCCCATTCGCGATCG",5
"TGCCCTACATACCATG",8
"TGCCCTAGTTTGGGCC",7
"TGCGCAGCAGCCACCA",10
"TGCGCAGGTTGATTGC",6
"TGCGGGTAGTAACCCT",3
"TGCGGGTAGTCCAGGA",3
"TGCGGGTGTCATACTG",9
"TGCGGGTGTGCTTCTC",5
"TGCGTGGCATAACCTG",8
"TGCGTGGGTGCGATAG",21
"TGCGTGGTCTGCGACG",6
"TGCTACCAGACATAAC",11
"TGCTACCAGGAGTTGC",3
"TGCTACCAGTTCCACA",8
"TGCTACCCATAGTAAG",7
"TGCTACCCATGGGACA",24
"TGCTGCTGTCTAGTCA",17
"TGCTGCTGTGACGCCT",9
"TGCTGCTGTTCCGTCT",3
"TGGACGCAGCGTCTAT",4
"TGGACGCAGTCTCCTC",3
"TGGACGCCAATCCGAT",3
"TGGACGCCAGGCTCAC",4
"TGGACGCGTCACAAGG",6
"TGGCCAGGTTAGTGGG",3
"TGGCGCAAGCTTATCG",5
"TGGCGCACATGTCCTC",21
"TGGCGCAGTAGATTAG",21
"TGGCGCAGTTGCCTCT",13
"TGGCGCATCGAACGGA",5
"TGGGAAGAGAAGGCCT",21
"TGGGAAGAGATACACA",21
"TGGGAAGCAGGACGTA",6
"TGGGAAGGTACACCGC",7
"TGGGAAGGTCACCCAG",2
"TGGGAAGGTGGTGTAG",5
"TGGGAAGTCGAGGTAG",4
"TGGGCGTAGATACACA",7
"TGGGCGTCACTACAGT",7
"TGGGCGTCATTGTGCA",2
"TGGGCGTGTGATGTGG",15
"TGGGCGTGTTGTCGCG",2
"TGGGCGTTCACTCTTA",5
"TGGTTAGAGGTGACCA",7
"TGGTTAGGTCCGAACC",8
"TGGTTAGGTCGAACAG",5
"TGGTTAGGTGCACCAC",7
"TGGTTCCAGACCTAGG",21
"TGGTTCCCACACATGT",21
"TGGTTCCCATTCCTCG",8
"TGGTTCCGTCAAAGCG",11
"TGGTTCCTCACCGGGT",9
"TGTATTCCATTCTTAC",9
"TGTATTCGTAAAGTCA",11
"TGTATTCTCCCAACGG",7
"TGTATTCTCCGTTGCT",11
"TGTCCCACACATGGGA",2
"TGTCCCAGTGGCTCCA",21
"TGTCCCAGTGTGCGTC",3
"TGTCCCATCTTCTGGC",11
"TGTGGTACATGTTGAC",27
"TGTGGTATCCCAGGTG",7
"TGTGTTTAGACTGTAA",3
"TGTGTTTAGTTAACGA",12
"TGTGTTTGTTAGGGTG",2
"TGTGTTTTCGCCTGAG",7
"TGTTCCGCAAGCGTAG",3
"TGTTCCGTCGAATGCT",7
"TGTTCCGTCTGAAAGA",27
"TTAACTCGTACGCACC",24
"TTAACTCTCATAACCG",7
"TTAACTCTCCGGGTGT",49
"TTAGGACCACCAGGCT",16
"TTAGGACTCACCGTAA",4
"TTAGGCAAGTAACCCT",11
"TTAGGCAAGTCATGCT",10
"TTAGGCACACCATGTA",5
"TTAGGCACAGGTCCAC",7
"TTAGGCATCCCAAGAT",3
"TTAGGCATCTCTTATG",6
"TTAGTTCAGAGTACCG",7
"TTAGTTCCACCGATAT",11
"TTAGTTCGTAAATACG",1
"TTAGTTCGTAGCTGCC",4
"TTAGTTCTCCCGGATG",2
"TTATGCTAGGTCATCT",11
"TTATGCTAGTGCCATT",9
"TTATGCTGTTGGTGGA",7
"TTCCCAGAGGCTCAGA",5
"TTCGAAGAGTGATCGG",20
"TTCGAAGGTACTTCTT",7
"TTCGGTCCAACTGCGC",3
"TTCGGTCGTCGCGAAA",2
"TTCGGTCGTGCGCTTG",6
"TTCGGTCGTTCGCGAC",2
"TTCGGTCTCAACACAC",27
"TTCGGTCTCCCATTTA",5
"TTCGGTCTCCGCAAGC",27
"TTCGGTCTCCGCGTTT",8
"TTCGGTCTCTGTCTCG",13
"TTCTACAAGAAGATTC",8
"TTCTCAAAGGAGTAGA",4
"TTCTCAACAGCGATCC",1
"TTCTCAAGTTCGCGAC",3
"TTCTCAATCGGAAATA",2
"TTCTCCTAGCCCGAAA",7
"TTCTCCTCACGGCCAT",18
"TTCTCCTCATGCAACT",21
"TTCTCCTCATGGGACA",8
"TTCTTAGAGGTGATAT",13
"TTCTTAGGTCCTCCAT",17
"TTCTTAGGTGTCCTCT",16
"TTCTTAGTCTTCAACT",8
"TTGAACGAGACCGGAT",15
"TTGAACGAGTCTCGGC",1
"TTGAACGCACGAAATA",9
"TTGACTTAGACAGACC",6
"TTGACTTAGGAGCGAG",38
"TTGACTTCACGACTCG",7
"TTGACTTCATGGTCAT",7
"TTGACTTTCCTCCTAG",5
"TTGACTTTCTAAGCCA",5
"TTGCCGTCAGGGTATG",2
"TTGCCGTTCACCGTAA",7
"TTGCCGTTCCAAAGTC",14
"TTGCCGTTCCCTAACC",3
"TTGCGTCAGATCGATA",2
"TTGCGTCAGGTCATCT",11
"TTGCGTCCATGTCGAT",3
"TTGCGTCTCGCTAGCG",12
"TTGCGTCTCTTCAACT",7
"TTGGAACCAATCACAC",3
"TTGGAACGTAGCTAAA",20
"TTGGAACTCCCGGATG",4
"TTGGAACTCTGAGTGT",1
"TTGGCAAGTATCACCA",8
"TTGGCAAGTGATAAGT",6
"TTGGCAAGTGTTGAGG",7
"TTGTAGGGTGACCAAG",15
"TTTACTGAGAAGCCCA",7
"TTTACTGAGTGTTTGC",8
"TTTACTGCACGAGGTA",11
"TTTACTGCAGATCCAT",7
"TTTACTGGTAAATGTG",4
"TTTACTGTCACCTCGT",4
"TTTACTGTCCTAAGTG",8
"TTTACTGTCTGCGTAA",9
"TTTATGCAGAGCTTCT",11
"TTTATGCAGATTACCC",11
"TTTATGCCAGCCAGAA",11
"TTTATGCTCCAGATCA",6
"TTTGCGCAGACTCGGA",4
"TTTGCGCCAATCACAC",13
"TTTGGTTGTTCACGGC",8
"TTTGTCAAGACAGACC",7
"TTTGTCACACCTATCC",12
"TTTGTCATCAACACTG",7
